792413
792425
792426
792427
792431
792433
792435
792436
792442
792445
792446
792455
792458
792461
792464
792465
792468
792474
792475
792477
792478
792482
792485
792486
792487
792488
792501
792502
792521
792528
792536
792539
792542
792543
792547
792549
792558
792561
792562
792568
792572
792575
792576
792582
792583
792586
792589
792594
792596
792597
792602
792603
792612
792613
792620
792621
792625
792645
792646
792647
792657
792660
792671
792675
792684
792685
792690
792692
792695
792696
792702
792704
792713
792714
792724
792730
792734
792742
792745
792747
792748
792749
792765
792769
792785
792797
792803
792811
792813
792815
792816
792818
792819
792820
792821
792822
792823
792824
792825
792826
792827
792828
792829
792831
792832
792833
792834
792835
792836
792837
792838
792839
792840
792841
792842
792843
792844
792845
792846
792847
792848
792849
792850
792851
792852
792853
792854
792855
792857
792858
792859
792860
792861
792862
792863
792864
792865
792866
792867
792868
792869
792870
792871
792872
792873
792874
792876
792877
792878
792879
792880
792881
792882
792883
792888
792889
792894
792899
792903
792905
792909
792911
792913
792919
792922
792926
792927
792937
792944
792949
792952
792954
792955
792956
792957
792958
792966
792967
792968
792978
792988
792993
792994
792995
793007
793014
793016
793018
793020
793026
793031
793036
793051
793067
793073
793078
793082
793084
793085
793087
793088
793089
793090
793091
793092
793093
793095
793096
793097
793098
793099
793100
793101
793102
793103
793104
793105
793106
793107
793109
793110
793111
793112
793113
793114
793115
793116
793117
793118
793119
793120
793121
793122
793123
793124
793125
793126
793127
793128
793129
793130
793131
793132
793133
793134
793136
793137
793138
793139
793140
793141
793142
793144
793145
793146
793147
793148
793149
793150
793151
793152
793153
793154
793155
793157
793158
793159
793160
793161
793162
793163
793164
793165
793166
793167
793168
793169
793170
793171
793172
793173
793174
793175
793176
793177
793178
793180
793181
793182
793183
793185
793186
793187
793188
793189
793190
793191
793192
793193
793195
793196
793197
793198
793199
793200
793201
793202
793203
793204
793206
793207
793208
793209
793210
793211
793212
793213
793214
793215
793217
793218
793219
793220
793221
793222
793223
793224
793225
793226
793227
793228
793229
793230
793231
793232
793233
793234
793235
793236
793237
793238
793239
793240
793242
793243
793245
793249
793251
793253
793267
793269
793277
793283
793288
793307
793308
793313
793320
793331
793332
793334
793337
793340
793341
793375
793386
793389
793401
793405
793408
793419
793423
793425
793426
793427
793428
793429
793430
793431
793432
793433
793434
793435
793436
793437
793438
793439
793440
793441
793442
793443
793444
793445
793446
793447
793448
793449
793450
793451
793453
793454
793455
793456
793458
793459
793460
793461
793462
793463
793464
793466
793467
793468
793469
793471
793472
793473
793474
793475
793476
793478
793479
793480
793481
793482
793483
793484
793485
793486
793487
793488
793489
793490
793491
793492
793493
793494
793495
793496
793497
793498
793499
793500
793501
793502
793503
793504
793505
793506
793507
793508
793509
793510
793512
793513
793514
793515
793517
793518
793519
793520
793521
793522
793523
793524
793525
793526
793527
793528
793529
793530
793532
793533
793534
793535
793537
793538
793539
793559
793560
793561
793566
793573
793582
793596
793601
793602
793603
793633
793635
793667
793672
793675
793677
793681
793701
793711
793720
793727
793729
793736
793741
793744
793751
793754
793757
793762
793770
793801
793805
793806
793810
793812
793824
793842
793844
793856
793864
793881
793893
793894
793895
793896
793897
793898
793899
793900
793901
793902
793903
793904
793906
793907
793908
793909
793910
793911
793912
793913
793914
793915
793916
793917
793918
793919
793922
793923
793924
793925
793926
793927
793928
793929
793930
793931
793932
793934
793935
793937
793938
793939
793940
793941
793943
793944
793945
793946
793947
793948
793949
793950
793951
793952
793953
793954
793956
793957
793958
793960
793961
793962
793963
793964
793965
793966
793967
793968
793969
793970
793971
793972
793973
793974
793975
793976
793977
793978
793979
793980
793981
793982
793983
793984
793985
793986
793987
793988
793989
793990
793991
793992
793993
793994
793995
793997
793998
793999
794000
794001
794002
794003
794004
794005
794006
794007
794008
794010
794011
794012
794013
794014
794015
794016
794017
794018
794019
794020
794021
794022
794023
794024
794025
794027
794028
794029
794030
794031
794032
794033
794034
794035
794036
794037
794038
794039
794040
794041
794043
794044
794045
794046
794047
794048
794049
794050
794051
794052
794053
794054
794055
794056
794064
794065
794069
794087
794089
794103
794113
794115
794117
794118
794123
794124
794125
794126
794127
794128
794129
794130
794131
794132
794133
794134
794135
794136
794137
794138
794139
794140
794141
794143
794144
794145
794146
794150
794158
794169
794199
794200
794209
794210
794231
794265
794270
794271
794272
794273
794274
794275
794276
794277
794278
794279
794280
794281
794283
794284
794285
794286
794287
794288
794289
794290
794291
794292
794293
794294
794295
794296
794297
794298
794299
794300
794301
794302
794303
794304
794305
794306
794307
794308
794309
794310
794311
794312
794313
794314
794315
794316
794317
794319
794320
794321
794322
794323
794325
794326
794327
794328
794329
794331
794332
794333
794334
794335
794336
794337
794338
794339
794340
794341
794342
794343
794344
794345
794346
794348
794349
794350
794351
794352
794353
794354
794355
794356
794357
794358
794359
794360
794361
794362
794363
794364
794365
794369
794376
794384
794418
794419
794425
794429
794437
794439
794448
794451
794463
794470
794471
794495
794496
794497
794498
794499
794500
794501
794502
794504
794505
794506
794507
794508
794511
794513
794514
794515
794516
794517
794518
794519
794520
794521
794523
794524
794529
794557
794559
794566
794571
794575
794581
794588
794608
794611
794618
794624
794629
794636
794641
794651
794652
794653
794660
794662
794681
794686
794697
794701
794710
794722
794731
794733
794735
794737
794743
794748
794753
794757
794761
794793
794794
794796
794797
794798
794799
794801
794825
794834
794842
794852
794857
794888
794897
794901
794914
794916
794935
794962
794974
794977
794984
794990
794992
795016
795027
795046
795048
795059
795062
795066
795083
795087
795094
795097
795098
795101
795103
795107
795108
795109
795114
795129
795133
795135
795139
795144
795150
795182
795190
795210
795216
795222
795235
795239
795247
795250
795257
795266
795268
795279
795296
795309
795317
795320
795323
795344
795347
795349
795350
795357
795361
795363
795364
795374
795385
795389
795403
795421
795424
795428
795431
795432
795441
795443
795445
795452
795466
795470
795490
795491
795493
795494
795496
795497
795498
795499
795500
795501
795503
795504
795505
795507
795508
795510
795511
795512
795515
795516
795517
795518
795519
795520
795521
795522
795523
795524
795525
795526
795527
795529
795530
795531
795532
795533
795534
795535
795536
795537
795538
795539
795540
795541
795543
795544
795546
795547
795548
795549
795550
795551
795552
795553
795554
795556
795557
795558
795559
795560
795562
795563
795564
795565
795566
795567
795568
795569
795570
795571
795572
795573
795574
795575
795576
795577
795578
795579
795580
795581
795583
795584
795585
795586
795587
795588
795589
795591
795592
795593
795594
795596
795597
795598
795599
795600
795604
795605
795606
795607
795608
795611
795612
795613
795614
795615
795616
795617
795618
795619
795620
795621
795622
795623
795624
795625
795626
795627
795628
795629
795630
795631
795632
795633
795634
795635
795636
795637
795638
795639
795641
795642
795643
795644
795645
795646
795647
795648
795649
795650
795651
795652
795653
795654
795656
795658
795659
795660
795662
795663
795664
795665
795666
795667
795668
795669
795670
795672
795674
795675
795676
795677
795678
795679
795680
795681
795682
795683
795684
795685
795686
795687
795688
795689
795690
795691
795692
795693
795694
795695
795696
795697
795698
795699
795701
795703
795704
795706
795707
795708
795709
795710
795711
795713
795714
795715
795716
795717
795718
795719
795720
795721
795722
795723
795724
795725
795726
795727
795728
795729
795730
795731
795732
795733
795734
795735
795736
795737
795738
795739
795740
795741
795742
795743
795745
795746
795748
795749
795750
795751
795752
795754
795755
795756
795757
795780
795783
795794
795797
795852
795858
795880
795883
795891
795895
795898
795899
795900
795901
795902
795903
795904
795905
795906
795907
795908
795910
795911
795912
795913
795914
795916
795917
795918
795919
795920
795921
795923
795924
795925
795926
795927
795928
795929
795931
795932
795933
795934
795938
795940
795952
795954
795957
795965
795969
795973
795980
795985
795991
795996
796004
796017
796026
796027
796034
796043
796050
796055
796058
796064
796074
796091
796096
796104
796109
796112
796120
796137
796139
796142
796148
796152
796153
796163
796164
796170
796178
796186
796188
796198
796205
796207
796215
796216
796241
796245
796258
796279
796283
796286
796305
796314
796315
796330
796381
796399
796404
796410
796429
796441
796448
796459
796462
796466
796470
796472
796482
796500
796501
796502
796503
796504
796506
796519
796532
796535
796538
796541
796544
796546
796551
796559
796562
796564
796567
796571
796574
796593
796613
796624
796648
796655
796663
796667
796691
796704
796712
796717
796733
796738
796739
796765
796784
796801
796803
796808
796844
796866
796883
796884
796894
796896
796897
796902
796909
796914
796925
796927
796931
796935
796946
796950
796964
796973
796974
796976
796977
796979
796980
796981
796982
796984
796985
796986
796987
796988
796989
796991
796992
796993
796994
796996
796997
796999
797000
797001
797002
797003
797005
797006
797007
797010
797011
797013
797014
797015
797017
797018
797020
797021
797022
797023
797025
797026
797027
797028
797029
797030
797031
797032
797033
797034
797035
797036
797037
797038
797039
797040
797041
797042
797043
797044
797045
797046
797047
797048
797049
797051
797052
797053
797055
797056
797057
797058
797060
797061
797062
797063
797064
797065
797067
797068
797069
797070
797071
797072
797073
797074
797075
797076
797077
797078
797080
797081
797082
797083
797084
797085
797087
797088
797090
797091
797092
797093
797095
797103
797104
797105
797114
797115
797120
797129
797137
797141
797144
797147
797153
797157
797158
797160
797163
797166
797169
797170
797182
797196
797200
797203
797205
797214
797215
797224
797226
797233
797234
797235
797236
797237
797238
797239
797240
797241
797242
797244
797245
797253
797254
797256
797260
797263
797269
797273
797282
797283
797284
797291
797297
797301
797310
797312
797318
797321
797333
797348
797349
797353
797360
797367
797369
797386
797388
797389
797396
797400
797406
797407
797408
797409
797410
797411
797412
797413
797414
797415
797416
797418
797420
797421
797422
797423
797424
797425
797426
797427
797428
797429
797430
797431
797433
797434
797435
797436
797437
797438
797446
797457
797461
797468
797472
797473
797474
797482
797483
797487
797494
797497
797504
797505
797506
797507
797508
797509
797510
797511
797512
797513
797514
797515
797516
797517
797518
797519
797520
797521
797522
797523
797524
797525
797526
797527
797528
797529
797530
797531
797532
797533
797534
797535
797536
797537
797538
797539
797540
797541
797542
797544
797545
797546
797547
797548
797549
797550
797551
797552
797553
797554
797555
797556
797557
797558
797559
797560
797561
797562
797563
797564
797565
797566
797567
797568
797569
797585
797589
797590
797593
797599
797605
797608
797611
797616
797617
797622
797628
797630
797633
797639
797647
797661
797663
797670
797671
797678
797679
797680
797693
797697
797705
797706
797709
797726
797727
797728
797736
797737
797740
797746
797750
797755
797760
797761
797769
797787
797788
797791
797797
797798
797801
797808
797814
797816
797817
797821
797830
797834
797838
797841
797844
797846
797849
797850
797857
797860
797865
797866
797867
797868
797869
797870
797871
797872
797873
797874
797875
797876
797880
797881
797887
797891
797895
797900
797901
797905
797908
797909
797913
797918
797935
797958
797969
797974
797981
797984
797985
798005
798007
798009
798010
798011
798012
798013
798014
798015
798016
798017
798018
798019
798020
798021
798022
798024
798025
798026
798027
798029
798030
798031
798032
798033
798034
798035
798036
798037
798038
798039
798040
798041
798042
798043
798044
798045
798046
798047
798048
798049
798050
798051
798052
798053
798055
798059
798070
798072
798076
798082
798089
798126
798136
798140
798144
798148
798150
798166
798173
798176
798182
798189
798198
798214
798221
798232
798241
798257
798268
798271
798272
798273
798276
798277
798278
798279
798284
798285
798301
798307
798320
798327
798336
798345
798355
798356
798357
798358
798359
798363
798364
798365
798370
798371
798376
798378
798380
798381
798384
798389
798391
798397
798402
798403
798406
798412
798413
798415
798425
798434
798439
798443
798444
798445
798446
798447
798448
798449
798450
798451
798452
798453
798454
798455
798456
798457
798458
798459
798460
798461
798462
798463
798464
798465
798466
798467
798468
798469
798471
798472
798473
798474
798475
798476
798477
798478
798479
798480
798481
798482
798483
798484
798485
798486
798487
798488
798489
798493
798500
798501
798502
798506
798511
798519
798545
798552
798554
798559
798561
798574
798580
798584
798586
798593
798599
798600
798603
798608
798609
798613
798624
798626
798629
798635
798639
798645
798648
798649
798650
798654
798663
798664
798666
798667
798672
798673
798681
798687
798692
798694
798700
798703
798704
798707
798710
798712
798716
798722
798724
798730
798731
798732
798733
798734
798735
798736
798737
798738
798739
798741
798742
798743
798744
798745
798746
798747
798748
798749
798750
798751
798752
798753
798754
798756
798757
798758
798759
798760
798761
798762
798763
798764
798765
798766
798767
798768
798769
798770
798777
798778
798780
798791
798794
798800
798814
798816
798817
798820
798824
798825
798830
798831
798836
798838
798841
798844
798849
798858
798863
798870
798871
798877
798878
798883
798888
798896
798897
798898
798899
798900
798901
798902
798903
798904
798905
798906
798907
798908
798909
798910
798911
798912
798913
798914
798915
798916
798919
798924
798925
798926
798927
798928
798929
798930
798931
798932
798933
798934
798935
798936
798937
798938
798939
798940
798941
798942
798943
798944
798945
798946
798947
798948
798949
798950
798951
798952
798953
798954
798955
798956
798957
798958
798959
798960
798961
798962
798963
798964
798975
798977
798988
798990
798994
798998
799001
799012
799019
799023
799024
799031
799038
799039
799040
799043
799047
799055
799061
799067
799072
799076
799078
799082
799087
799092
799097
799102
799106
799107
799109
799116
799118
799122
799123
799127
799136
799145
799157
799163
799164
799165
799179
799181
799187
799206
799221
799227
799228
799229
799236
799247
799265
799270
799281
799285
799286
799289
799294
799306
799307
799309
799310
799311
799312
799313
799314
799315
799316
799317
799318
799320
799321
799322
799323
799324
799325
799326
799327
799328
799329
799330
799331
799332
799333
799334
799335
799336
799337
799338
799339
799340
799341
799342
799343
799344
799346
799348
799349
799350
799351
799352
799353
799354
799356
799357
799358
799360
799361
799362
799363
799364
799365
799366
799367
799369
799370
799371
799372
799373
799375
799376
799377
799379
799380
799381
799382
799383
799384
799386
799387
799388
799389
799390
799391
799392
799393
799394
799395
799396
799398
799399
799400
799401
799403
799404
799405
799406
799407
799409
799410
799411
799412
799413
799414
799415
799416
799418
799420
799421
799422
799423
799424
799425
799426
799427
799428
799429
799430
799431
799432
799433
799434
799435
799436
799437
799438
799439
799440
799441
799442
799444
799445
799446
799447
799448
799449
799450
799452
799453
799454
799455
799456
799457
799458
799459
799460
799461
799462
799463
799464
799465
799466
799467
799468
799469
799470
799471
799472
799473
799474
799475
799476
799477
799478
799479
799481
799482
799483
799485
799486
799487
799488
799489
799492
799493
799494
799495
799496
799497
799499
799501
799502
799503
799504
799506
799507
799508
799509
799510
799511
799512
799513
799514
799515
799516
799517
799518
799519
799520
799521
799522
799523
799524
799526
799527
799528
799529
799531
799532
799533
799535
799536
799537
799538
799539
799540
799541
799543
799544
799545
799546
799547
799548
799549
799550
799551
799552
799553
799554
799555
799556
799557
799558
799560
799561
799562
799565
799566
799569
799570
799571
799573
799574
799575
799576
799577
799578
799579
799580
799581
799582
799583
799584
799586
799587
799588
799589
799590
799591
799592
799593
799594
799595
799596
799597
799598
799599
799600
799601
799602
799604
799605
799607
799608
799609
799610
799611
799612
799613
799614
799615
799616
799617
799618
799619
799620
799621
799622
799623
799624
799625
799626
799628
799629
799630
799631
799633
799634
799635
799636
799637
799638
799639
799640
799641
799642
799643
799644
799645
799647
799648
799650
799653
799654
799655
799657
799658
799659
799660
799661
799662
799663
799664
799666
799668
799669
799670
799672
799673
799674
799676
799677
799678
799679
799680
799681
799682
799684
799685
799686
799687
799688
799689
799690
799691
799693
799694
799695
799696
799697
799698
799699
799700
799701
799702
799703
799704
799706
799707
799708
799709
799710
799711
799712
799713
799714
799715
799716
799717
799718
799719
799720
799722
799723
799724
799725
799726
799727
799728
799729
799730
799731
799733
799734
799735
799736
799737
799739
799740
799741
799742
799743
799744
799745
799746
799747
799748
799749
799750
799751
799752
799753
799762
799763
799786
799791
799797
799800
799801
799808
799814
799815
799826
799834
799835
799838
799846
799847
799848
799858
799873
799884
799896
799904
799906
799913
799919
799922
799928
799939
799945
799959
799968
799980
799989
799990
799995
800006
800009
800011
800016
800019
800029
800033
800034
800037
800039
800040
800047
800054
800060
800061
800078
800086
800091
800107
800118
800138
800147
800157
800162
800173
800176
800183
800212
800225
800226
800228
800231
800246
800275
800286
800299
800304
800311
800322
800333
800342
800343
800345
800352
800356
800365
800373
800380
800386
800403
800409
800412
800415
800449
800453
800462
800465
800467
800471
800473
800498
800502
800506
800520
800525
800543
800547
800551
800553
800559
800575
800580
800581
800588
800595
800596
800598
800600
800602
800621
800707
800715
800742
800752
800758
800759
800760
800761
800762
800763
800764
800766
800767
800769
800770
800771
800772
800773
800774
800775
800776
800777
800778
800779
800780
800781
800782
800783
800784
800785
800786
800787
800788
800789
800790
800791
800792
800793
800795
800796
800797
800798
800799
800800
800801
800802
800803
800804
800805
800807
800808
800809
800810
800811
800812
800813
800814
800815
800816
800818
800819
800820
800821
800822
800823
800824
800825
800826
800827
800828
800829
800830
800831
800832
800833
800834
800835
800836
800837
800838
800839
800840
800841
800842
800843
800844
800845
800846
800847
800853
800866
800877
800894
800897
800904
800913
800917
800919
800925
800927
800941
800954
800956
800966
800967
800968
800969
800970
800971
800972
800974
800975
800976
800977
800978
800979
800980
800981
800982
800983
800984
800985
800986
800987
800988
800989
800990
800991
800992
800993
800994
800996
800997
800998
801000
801001
801003
801004
801005
801006
801007
801008
801009
801010
801011
801012
801014
801015
801018
801019
801020
801022
801023
801025
801026
801027
801028
801029
801030
801031
801032
801033
801034
801035
801036
801037
801038
801040
801041
801042
801043
801044
801046
801047
801048
801049
801050
801052
801053
801058
801066
801068
801071
801073
801078
801083
801106
801118
801119
801120
801121
801122
801123
801125
801126
801128
801129
801130
801131
801133
801134
801135
801136
801139
801140
801159
801164
801165
801170
801184
801191
801192
801194
801225
801229
801233
801275
801277
801279
801283
801291
801292
801311
801314
801315
801316
801319
801320
801323
801327
801351
801357
801358
801360
801370
801371
801372
801373
801374
801375
801376
801377
801379
801380
801381
801383
801384
801385
801386
801387
801388
801389
801390
801393
801394
801405
801406
801410
801415
801416
801418
801433
801435
801437
801442
801443
801451
801464
801478
801480
801483
801490
801496
801504
801508
801514
801522
801525
801541
801542
801543
801555
801557
801565
801568
801576
801578
801590
801594
801600
801607
801612
801620
801623
801625
801639
801640
801641
801648
801650
801681
801690
801694
801695
801696
801699
801704
801705
801720
801721
801722
801727
801735
801736
801737
801741
801754
801758
801759
801765
801774
801778
801784
801787
801791
801816
801817
801820
801821
801830
801831
801841
801848
801851
801852
801857
801860
801866
801868
801870
801876
801879
801895
801907
801908
801910
801919
801940
801942
801944
801951
801954
801958
801964
801984
801989
801990
801994
801996
801999
802018
802019
802020
802033
802046
802054
802056
802065
802069
802071
802079
802082
802089
802094
802095
802097
802099
802108
802112
802114
802115
802123
802130
802137
802143
802150
802153
802160
802161
802163
802166
802167
802178
802180
802183
802196
802199
802200
802201
802202
802224
802226
802230
802235
802262
802263
802264
802266
802268
802269
802271
802272
802273
802274
802275
802277
802278
802279
802280
802281
802282
802283
802284
802285
802286
802287
802288
802289
802290
802291
802292
802293
802297
802298
802299
802301
802305
802306
802307
802308
802310
802311
802312
802314
802315
802316
802319
802320
802321
802323
802326
802327
802328
802329
802330
802331
802332
802333
802334
802335
802336
802337
802338
802340
802342
802343
802344
802347
802348
802349
802350
802352
802354
802365
802398
802412
802413
802416
802435
802442
802444
802454
802462
802466
802470
802494
802495
802503
802513
802519
802524
802535
802551
802592
802603
802617
802625
802627
802628
802647
802651
802680
802685
802757
802759
802760
802761
802762
802763
802764
802765
802767
802768
802769
802770
802771
802773
802774
802775
802776
802777
802779
802781
802782
802783
802784
802786
802787
802789
802790
802791
802793
802794
802795
802796
802797
802798
802799
802800
802801
802802
802803
802806
802826
802832
802835
802838
802852
802880
802885
802886
802896
802900
802926
802930
802936
802939
802940
802942
802946
802953
802963
802967
802968
802993
802995
803001
803011
803018
803023
803031
803036
803041
803045
803047
803048
803049
803052
803053
803054
803055
803056
803057
803058
803059
803060
803061
803062
803063
803064
803065
803066
803067
803068
803069
803070
803071
803073
803074
803075
803076
803077
803078
803080
803081
803082
803083
803084
803085
803086
803087
803088
803089
803090
803091
803092
803093
803094
803095
803098
803099
803100
803101
803103
803104
803105
803106
803107
803108
803109
803110
803111
803112
803114
803115
803116
803117
803118
803119
803120
803121
803122
803123
803124
803126
803127
803129
803130
803131
803132
803133
803134
803135
803136
803137
803138
803139
803140
803141
803142
803144
803145
803146
803147
803148
803149
803153
803155
803156
803189
803190
803195
803196
803234
803238
803248
803253
803256
803258
803264
803271
803272
803277
803278
803279
803280
803282
803283
803286
803288
803298
803308
803313
803314
803322
803333
803349
803355
803362
803368
803369
803372
803374
803375
803379
803383
803385
803387
803397
803401
803406
803412
803417
803420
803424
803425
803429
803430
803432
803441
803445
803449
803453
803454
803455
803456
803457
803458
803459
803460
803461
803462
803463
803464
803465
803466
803467
803468
803469
803470
803471
803472
803473
803474
803475
803476
803477
803478
803479
803480
803481
803482
803483
803484
803485
803486
803487
803488
803489
803490
803491
803492
803493
803494
803495
803496
803497
803498
803499
803500
803501
803502
803503
803504
803505
803506
803507
803508
803509
803512
803513
803514
803515
803516
803517
803518
803519
803520
803521
803522
803523
803525
803526
803527
803528
803529
803530
803531
803532
803533
803534
803535
803536
803537
803538
803539
803540
803541
803542
803543
803544
803545
803546
803547
803548
803549
803550
803551
803552
803553
803554
803555
803556
803557
803558
803559
803560
803566
803573
803576
803580
803581
803597
803617
803620
803621
803622
803624
803625
803629
803631
803639
803642
803649
803650
803651
803655
803669
803674
803678
803685
803690
803691
803700
803701
803709
803710
803721
803732
803751
803757
803764
803769
803770
803772
803773
803776
803777
803778
803780
803781
803783
803784
803785
803786
803787
803788
803789
803790
803791
803792
803793
803794
803795
803797
803798
803799
803800
803801
803802
803803
803804
803805
803806
803807
803808
803809
803810
803811
803812
803813
803814
803815
803816
803817
803818
803819
803820
803821
803822
803823
803824
803825
803827
803828
803829
803830
803831
803832
803833
803834
803836
803837
803838
803840
803841
803842
803843
803844
803847
803849
803850
803851
803852
803853
803854
803857
803858
803859
803860
803861
803862
803863
803865
803866
803869
803871
803872
803873
803874
803875
803876
803877
803878
803879
803880
803881
803882
803883
803884
803885
803886
803888
803889
803890
803891
803892
803893
803894
803895
803896
803897
803898
803899
803900
803901
803902
803903
803904
803905
803906
803907
803908
803909
803910
803911
803912
803913
803914
803915
803916
803917
803919
803920
803921
803922
803923
803924
803925
803926
803927
803929
803930
803931
803932
803933
803934
803935
803937
803938
803939
803940
803942
803943
803944
803945
803946
803947
803948
803949
803955
803958
803960
803967
803978
803986
803993
804010
804014
804015
804021
804027
804041
804045
804059
804061
804068
804071
804076
804078
804082
804086
804090
804091
804092
804093
804094
804096
804097
804098
804099
804100
804102
804104
804105
804106
804107
804113
804114
804121
804126
804136
804138
804141
804158
804165
804166
804169
804177
804213
804225
804246
804301
804305
804320
804373
804386
804387
804394
804401
804408
804410
804413
804434
804437
804440
804441
804444
804456
804475
804479
804480
804481
804482
804483
804485
804486
804487
804488
804489
804490
804491
804492
804493
804494
804495
804496
804497
804498
804500
804501
804502
804503
804504
804505
804506
804507
804509
804510
804512
804513
804514
804515
804517
804518
804519
804520
804522
804525
804526
804527
804528
804529
804530
804531
804532
804534
804535
804536
804537
804538
804539
804540
804541
804542
804544
804546
804547
804548
804550
804551
804552
804553
804554
804555
804556
804557
804558
804559
804560
804561
804562
804563
804564
804565
804566
804567
804568
804569
804570
804571
804572
804573
804575
804576
804577
804578
804579
804580
804581
804582
804584
804585
804586
804587
804588
804589
804590
804592
804593
804594
804595
804596
804597
804598
804599
804600
804602
804603
804604
804605
804606
804607
804608
804609
804610
804611
804612
804613
804614
804616
804617
804618
804619
804620
804621
804622
804624
804625
804626
804634
804635
804641
804647
804649
804650
804657
804661
804663
804666
804669
804687
804707
804740
804750
804752
804763
804767
804822
804823
804837
804839
804850
804858
804892
804894
804915
804918
804924
804925
804952
804953
804965
804973
804977
804978
804979
804984
804986
805004
805009
805010
805020
805028
805035
805040
805042
805053
805057
805077
805120
805131
805136
805146
805147
805167
805192
805202
805210
805217
805233
805237
805254
805256
805263
805265
805275
805283
805296
805308
805319
805328
805357
805359
805363
805364
805365
805367
805377
805381
805409
805415
805418
805442
805443
805445
805452
805459
805473
805475
805477
805480
805481
805493
805512
805515
805527
805563
805576
805577
805578
805582
805583
805584
805585
805586
805587
805591
805592
805593
805594
805595
805596
805597
805598
805599
805600
805601
805602
805603
805604
805605
805606
805607
805610
805611
805612
805613
805614
805615
805616
805617
805618
805619
805620
805621
805622
805623
805624
805625
805626
805627
805628
805629
805631
805632
805633
805634
805635
805636
805637
805638
805640
805642
805653
805664
805690
805692
805700
805704
805715
805718
805736
805749
805755
805757
805758
805759
805760
805761
805762
805763
805766
805767
805768
805769
805770
805772
805773
805774
805775
805776
805777
805778
805780
805781
805782
805783
805785
805786
805787
805788
805789
805790
805791
805792
805793
805796
805797
805798
805799
805800
805801
805802
805803
805804
805805
805806
805807
805808
805809
805810
805811
805812
805813
805814
805815
805816
805817
805818
805820
805821
805822
805823
805824
805825
805826
805828
805829
805830
805831
805832
805833
805834
805835
805836
805837
805838
805839
805841
805842
805843
805844
805846
805847
805848
805849
805850
805851
805852
805853
805854
805856
805857
805858
805859
805860
805861
805862
805863
805864
805877
805879
805885
805890
805895
805899
805902
805919
805922
805924
805927
805930
805932
805935
805939
805941
805943
805952
805953
805954
805967
805968
805969
805970
805976
805985
805988
805989
806005
806011
806015
806020
806023
806024
806030
806031
806038
806042
806044
806048
806061
806075
806080
806096
806109
806115
806117
806118
806123
806137
806148
806155
806159
806163
806167
806173
806177
806179
806187
806188
806189
806190
806195
806197
806202
806213
806218
806223
806225
806227
806233
806234
806235
806236
806237
806238
806239
806240
806241
806242
806243
806244
806245
806246
806247
806248
806249
806250
806251
806252
806253
806254
806255
806256
806257
806258
806259
806260
806263
806271
806278
806282
806288
806296
806301
806305
806314
806315
806320
806325
806327
806332
806346
806350
806356
806365
806375
806381
806385
806386
806387
806389
806390
806391
806392
806393
806395
806396
806397
806398
806399
806400
806401
806402
806403
806404
806405
806406
806407
806408
806409
806410
806418
806437
806442
806443
806451
806455
806458
806459
806463
806464
806465
806471
806479
806483
806484
806495
806497
806499
806504
806512
806513
806515
806527
806536
806540
806541
806544
806545
806546
806547
806548
806549
806550
806552
806553
806554
806555
806556
806557
806563
806569
806570
806571
806578
806581
806583
806589
806605
806630
806635
806639
806642
806646
806651
806655
806662
806671
806673
806678
806683
806688
806690
806696
806702
806703
806704
806707
806709
806711
806719
806725
806726
806730
806741
806745
806754
806757
806761
806773
806791
806793
806797
806802
806804
806809
806826
806832
806843
806844
806849
806851
806855
806856
806857
806858
806859
806860
806862
806864
806865
806866
806867
806868
806869
806870
806871
806872
806873
806874
806882
806883
806887
806890
806891
806893
806894
806902
806906
806919
806923
806926
806928
806943
806956
806965
806969
806972
806977
806978
806981
806983
806985
806994
807014
807015
807044
807062
807068
807079
807084
807094
807104
807115
807122
807130
807131
807132
807134
807135
807136
807137
807138
807140
807146
807158
807164
807169
807174
807189
807206
807212
807239
807247
807260
807263
807264
807265
807267
807268
807271
807272
807273
807274
807275
807276
807277
807282
807283
807284
807286
807287
807288
807289
807291
807292
807293
807294
807295
807296
807298
807299
807300
807301
807302
807303
807305
807306
807307
807308
807309
807310
807311
807312
807314
807315
807316
807318
807319
807320
807321
807322
807323
807324
807325
807327
807328
807329
807330
807332
807333
807334
807335
807336
807337
807338
807339
807340
807341
807343
807344
807345
807346
807347
807348
807350
807351
807352
807353
807354
807361
807378
807387
807389
807396
807406
807411
807414
807415
807430
807432
807434
807437
807440
807445
807446
807448
807467
807476
807503
807509
807528
807537
807550
807557
807566
807581
807590
807609
807616
807636
807651
807654
807681
807696
807698
807699
807707
807709
807710
807711
807712
807713
807714
807716
807717
807718
807719
807720
807721
807722
807723
807724
807725
807726
807728
807729
807730
807731
807732
807733
807734
807736
807737
807738
807739
807740
807741
807742
807743
807744
807745
807746
807747
807748
807749
807750
807751
807753
807754
807755
807756
807757
807758
807759
807760
807763
807764
807765
807766
807767
807772
807774
807775
807776
807777
807778
807779
807780
807781
807782
807783
807784
807785
807786
807787
807788
807789
807790
807791
807793
807794
807795
807796
807798
807799
807800
807801
807803
807804
807805
807806
807807
807808
807809
807810
807811
807812
807813
807815
807816
807817
807818
807819
807820
807821
807823
807824
807825
807826
807827
807828
807829
807830
807832
807833
807834
807835
807836
807837
807838
807839
807849
807858
807866
807867
807868
807882
807886
807896
807899
807913
807919
807943
807951
807954
807963
807968
807971
807972
807973
807974
807975
807976
807978
807979
807980
807981
807996
807999
808002
808007
808023
808061
808070
808073
808081
808083
808093
808101
808102
808142
808155
808161
808164
808170
808174
808178
808179
808181
808185
808187
808189
808190
808197
808203
808216
808220
808221
808225
808235
808244
808254
808256
808258
808267
808268
808270
808271
808272
808273
808274
808282
808288
808290
808293
808294
808306
808312
808315
808328
808329
808348
808353
808369
808374
808389
808390
808407
808409
808410
808411
808412
808413
808414
808415
808417
808418
808419
808420
808421
808422
808424
808425
808426
808428
808429
808430
808431
808433
808435
808436
808437
808438
808439
808440
808442
808443
808444
808445
808446
808448
808449
808450
808451
808452
808453
808454
808455
808456
808457
808458
808459
808460
808461
808462
808463
808464
808465
808466
808467
808468
808469
808470
808471
808472
808474
808475
808476
808477
808478
808479
808481
808482
808483
808484
808485
808486
808487
808489
808490
808492
808493
808494
808495
808496
808497
808498
808499
808500
808502
808503
808504
808505
808506
808507
808509
808510
808511
808512
808513
808514
808517
808521
808529
808530
808554
808558
808579
808581
808582
808583
808584
808586
808587
808588
808589
808590
808591
808592
808593
808594
808596
808597
808598
808599
808600
808602
808603
808604
808605
808606
808607
808608
808609
808610
808611
808612
808615
808616
808617
808618
808621
808622
808623
808624
808625
808627
808628
808630
808631
808632
808633
808634
808635
808636
808637
808638
808639
808640
808641
808642
808643
808644
808645
808646
808647
808648
808649
808650
808652
808653
808654
808655
808656
808657
808658
808659
808660
808661
808662
808664
808665
808666
808669
808670
808671
808672
808673
808675
808676
808677
808678
808680
808681
808682
808683
808684
808686
808687
808688
808689
808690
808691
808692
808693
808694
808695
808696
808697
808700
808701
808703
808704
808705
808706
808708
808709
808710
808711
808712
808713
808714
808715
808716
808717
808718
808719
808720
808721
808722
808723
808724
808725
808726
808727
808729
808730
808731
808732
808733
808734
808735
808737
808738
808739
808740
808741
808742
808743
808744
808745
808746
808748
808749
808751
808752
808753
808754
808756
808757
808758
808759
808760
808761
808762
808764
808765
808766
808767
808768
808769
808770
808771
808773
808774
808776
808777
808778
808779
808781
808782
808783
808785
808786
808787
808789
808790
808791
808792
808793
808794
808795
808796
808797
808798
808799
808800
808801
808803
808804
808805
808806
808807
808808
808810
808811
808812
808813
808814
808815
808816
808817
808819
808820
808821
808822
808823
808824
808825
808826
808832
808835
808841
808847
808850
808864
808871
808876
808878
808882
808893
808896
808915
808916
808932
808954
808963
808966
808978
808988
808994
809001
809010
809032
809033
809053
809063
809065
809069
809070
809071
809094
809095
809096
809097
809098
809099
809100
809103
809104
809105
809106
809107
809109
809110
809112
809114
809116
809117
809118
809119
809120
809121
809122
809123
809126
809129
809143
809149
809162
809164
809167
809182
809183
809214
809219
809228
809235
809238
809249
809250
809253
809257
809259
809261
809262
809263
809272
809284
809293
809296
809298
809312
809315
809322
809328
809329
809330
809334
809340
809349
809350
809369
809370
809371
809375
809376
809377
809378
809379
809380
809381
809386
809388
809391
809392
809407
809410
809414
809415
809418
809423
809425
809427
809430
809433
809435
809462
809470
809471
809484
809495
809501
809503
809504
809505
809507
809509
809510
809511
809518
809521
809522
809525
809527
809528
809529
809530
809531
809532
809536
809538
809548
809552
809560
809562
809573
809577
809579
809582
809595
809616
809620
809625
809628
809637
809640
809642
809650
809656
809657
809659
809663
809666
809683
809687
809690
809693
809696
809698
809700
809712
809717
809721
809725
809731
809747
809756
809757
809758
809764
809771
809772
809775
809786
809787
809789
809799
809811
809820
809822
809828
809832
809841
809842
809848
809854
809855
809856
809857
809858
809859
809860
809861
809862
809863
809864
809865
809867
809868
809869
809870
809871
809872
809873
809874
809876
809877
809878
809879
809880
809881
809882
809883
809884
809885
809886
809888
809889
809890
809891
809892
809894
809895
809896
809897
809898
809899
809900
809901
809902
809903
809904
809905
809906
809907
809908
809909
809910
809911
809912
809913
809914
809915
809916
809917
809918
809919
809920
809921
809922
809923
809924
809925
809926
809927
809929
809930
809931
809932
809933
809934
809935
809936
809937
809938
809939
809940
809941
809942
809943
809944
809945
809947
809949
809950
809952
809957
809958
809959
809960
809962
809965
809969
809971
809973
809976
809982
809985
809995
809997
809999
810002
810004
810005
810021
810025
810029
810041
810048
810051
810054
810056
810057
810059
810066
810085
810088
810091
810092
810093
810096
810098
810100
810101
810104
810108
810122
810126
810135
810141
810142
810173
810184
810185
810191
810193
810196
810197
810205
810219
810224
810228
810239
810240
810241
810248
810254
810257
810258
810262
810270
810274
810282
810287
810290
810291
810295
810296
810300
810303
810306
810312
810320
810333
810334
810335
810344
810354
810357
810378
810383
810386
810388
810392
810397
810408
810416
810418
810419
810420
810421
810422
810423
810424
810425
810426
810427
810428
810429
810430
810448
810449
810452
810456
810458
810464
810474
810480
810496
810509
810514
810518
810523
810526
810534
810536
810539
810540
810545
810555
810556
810557
810558
810559
810560
810562
810563
810565
810567
810568
810569
810570
810571
810572
810573
810574
810575
810576
810577
810578
810579
810580
810581
810582
810583
810584
810585
810586
810587
810588
810589
810590
810591
810592
810593
810594
810595
810596
810597
810598
810599
810601
810602
810603
810604
810605
810606
810607
810608
810609
810610
810611
810612
810613
810614
810615
810616
810617
810618
810619
810620
810621
810622
810623
810624
810625
810626
810627
810628
810629
810630
810631
810632
810633
810634
810635
810636
810637
810638
810640
810641
810642
810643
810644
810645
810646
810647
810648
810649
810650
810651
810652
810653
810654
810655
810656
810657
810658
810659
810660
810661
810662
810663
810664
810665
810666
810667
810668
810669
810670
810671
810672
810673
810674
810675
810676
810677
810678
810679
810680
810681
810682
810683
810684
810685
810686
810687
810688
810689
810690
810691
810692
810693
810694
810695
810696
810697
810698
810699
810700
810701
810702
810703
810704
810705
810706
810707
810708
810709
810710
810711
810712
810713
810714
810715
810716
810717
810718
810719
810720
810721
810722
810723
810724
810725
810726
810727
810728
810729
810730
810731
810732
810733
810734
810735
810736
810737
810738
810739
810740
810741
810742
810743
810744
810745
810746
810747
810748
810749
810750
810751
810752
810753
810754
810755
810756
810757
810758
810759
810760
810761
810762
810763
810764
810765
810766
810767
810768
810769
810770
810771
810772
810773
810774
810775
810776
810777
810778
810779
810780
810781
810782
810783
810784
810785
810786
810787
810788
810789
810790
810791
810792
810793
810794
810795
810796
810797
810798
810799
810800
810801
810802
810803
810804
810805
810806
810807
810808
810809
810810
810811
810812
810813
810814
810815
810816
810817
810818
810819
810820
810821
810822
810823
810824
810825
810826
810827
810828
810829
810830
810831
810832
810833
810834
810835
810836
810837
810838
810839
810840
810841
810842
810843
810844
810845
810846
810847
810848
810849
810850
810851
810852
810856
810857
810858
810859
810865
810866
810869
810882
810885
810891
810893
810900
810904
810905
810909
810911
810916
810923
810928
810929
810931
810939
810947
810951
810952
810953
810963
810974
810975
810981
810982
810987
810990
810998
810999
811004
811011
811023
811026
811027
811035
811053
811062
811063
811067
811072
811073
811074
811087
811104
811106
811111
811115
811126
811145
811148
811169
811186
811188
811190
811195
811199
811206
811215
811222
811226
811248
811274
811277
811280
811281
811298
811302
811303
811319
811330
811345
811346
811347
811348
811349
811350
811352
811353
811355
811356
811357
811358
811359
811360
811361
811362
811363
811365
811366
811367
811368
811369
811370
811372
811373
811374
811375
811376
811377
811378
811379
811380
811381
811382
811385
811386
811387
811388
811389
811390
811391
811392
811393
811394
811395
811396
811397
811398
811399
811400
811401
811402
811404
811405
811407
811409
811411
811412
811413
811414
811415
811416
811417
811418
811419
811421
811422
811423
811424
811425
811426
811428
811429
811430
811431
811432
811433
811434
811435
811436
811437
811438
811439
811440
811441
811442
811443
811444
811445
811447
811448
811449
811451
811453
811454
811455
811456
811457
811460
811478
811493
811523
811534
811548
811556
811564
811565
811582
811585
811586
811593
811609
811611
811612
811613
811615
811646
811664
811665
811675
811684
811688
811707
811712
811745
811751
811766
811770
811775
811784
811804
811807
811822
811826
811833
811859
811866
811884
811886
811928
811931
811934
811966
811972
811977
811995
811997
812000
812006
812026
812028
812044
812073
812078
812080
812091
812108
812109
812110
812111
812113
812114
812115
812116
812118
812119
812121
812122
812123
812124
812125
812126
812127
812128
812129
812131
812132
812133
812134
812135
812136
812137
812138
812139
812140
812141
812142
812143
812144
812145
812146
812147
812148
812149
812150
812151
812152
812153
812154
812155
812156
812157
812158
812159
812160
812161
812162
812163
812165
812166
812167
812169
812170
812171
812172
812173
812174
812175
812176
812177
812178
812181
812182
812183
812185
812186
812187
812188
812190
812191
812192
812193
812194
812195
812196
812197
812198
812199
812200
812201
812202
812203
812204
812206
812207
812208
812209
812210
812211
812212
812213
812214
812215
812216
812217
812219
812220
812221
812222
812223
812224
812226
812227
812228
812229
812230
812231
812232
812233
812234
812235
812236
812237
812238
812240
812241
812242
812244
812245
812246
812247
812248
812249
812250
812251
812252
812254
812255
812256
812257
812258
812259
812260
812261
812263
812264
812265
812266
812267
812268
812270
812271
812272
812273
812274
812275
812276
812277
812278
812280
812281
812282
812283
812284
812285
812286
812287
812289
812290
812292
812293
812294
812295
812297
812345
812353
812356
812363
812367
812373
812391
812393
812403
812408
812430
812436
812439
812440
812441
812442
812443
812444
812445
812446
812448
812449
812450
812452
812453
812454
812455
812456
812457
812458
812459
812460
812461
812463
812464
812466
812467
812469
812470
812472
812473
812474
812475
812476
812478
812479
812480
812481
812482
812484
812485
812486
812487
812488
812490
812491
812492
812493
812494
812497
812498
812499
812500
812501
812502
812503
812504
812505
812507
812509
812510
812511
812512
812513
812516
812517
812518
812519
812520
812522
812547
812560
812562
812568
812571
812578
812594
812595
812597
812600
812603
812606
812611
812618
812619
812624
812633
812657
812661
812671
812673
812674
812689
812697
812698
812699
812700
812701
812702
812703
812704
812707
812708
812709
812710
812711
812712
812714
812715
812716
812717
812718
812719
812720
812722
812723
812724
812725
812727
812728
812729
812730
812731
812732
812733
812734
812735
812736
812737
812738
812740
812741
812742
812743
812744
812745
812746
812747
812749
812750
812751
812752
812753
812754
812755
812756
812757
812758
812759
812760
812761
812762
812763
812764
812765
812766
812767
812768
812769
812770
812771
812772
812773
812774
812775
812776
812777
812779
812780
812781
812783
812784
812785
812787
812788
812790
812791
812792
812797
812798
812799
812800
812801
812802
812803
812805
812806
812807
812808
812809
812810
812812
812813
812815
812816
812818
812819
812820
812821
812822
812823
812824
812825
812826
812827
812828
812829
812830
812831
812832
812833
812834
812835
812836
812837
812838
812841
812842
812848
812849
812853
812854
812856
812868
812871
812883
812893
812907
812919
812921
812926
812931
812950
812951
812953
812963
812965
812979
812980
812984
812990
813000
813006
813008
813020
813025
813044
813047
813049
813053
813054
813072
813095
813099
813108
813115
813116
813117
813118
813119
813120
813121
813122
813124
813125
813126
813127
813128
813129
813130
813133
813134
813135
813136
813138
813139
813140
813141
813142
813143
813145
813146
813147
813148
813149
813150
813151
813152
813153
813154
813155
813156
813157
813158
813159
813161
813162
813163
813164
813165
813166
813167
813168
813169
813174
813176
813186
813187
813194
813210
813212
813219
813221
813223
813232
813234
813237
813239
813270
813273
813294
813295
813300
813309
813311
813313
813315
813329
813330
813333
813344
813346
813354
813361
813366
813377
813382
813383
813384
813385
813386
813387
813388
813389
813390
813391
813392
813393
813394
813395
813396
813399
813400
813402
813404
813405
813406
813407
813408
813409
813410
813411
813412
813414
813415
813416
813418
813419
813421
813422
813423
813424
813426
813427
813428
813429
813430
813431
813433
813434
813435
813436
813438
813439
813440
813441
813442
813443
813445
813446
813447
813448
813449
813450
813451
813452
813454
813455
813456
813457
813458
813459
813460
813461
813462
813464
813465
813466
813467
813468
813469
813470
813471
813472
813473
813474
813475
813476
813477
813479
813480
813481
813482
813484
813485
813486
813487
813488
813489
813490
813492
813493
813494
813495
813496
813497
813499
813500
813501
813502
813503
813504
813507
813508
813509
813510
813511
813512
813513
813514
813515
813516
813517
813519
813520
813521
813522
813523
813525
813526
813527
813528
813529
813531
813532
813533
813534
813535
813536
813537
813538
813539
813540
813541
813546
813561
813563
813566
813575
813578
813583
813603
813613
813617
813627
813636
813676
813710
813737
813740
813746
813747
813748
813749
813750
813755
813765
813768
813770
813775
813777
813785
813791
813797
813798
813807
813810
813819
813823
813829
813840
813842
813849
813862
813867
813874
813879
813881
813884
813891
813908
813911
813918
813921
813922
813923
813925
813926
813937
813950
813955
813963
813968
813969
813993
814002
814012
814015
814019
814025
814035
814040
814041
814045
814050
814052
814053
814054
814056
814058
814059
814060
814061
814062
814063
814064
814065
814066
814067
814068
814070
814071
814072
814073
814074
814075
814076
814077
814084
814088
814096
814113
814115
814118
814123
814132
814139
814142
814144
814148
814156
814157
814158
814162
814189
814194
814198
814199
814203
814204
814205
814206
814207
814208
814209
814210
814211
814212
814213
814214
814215
814216
814217
814218
814219
814220
814221
814222
814223
814224
814225
814226
814227
814228
814229
814230
814231
814232
814234
814235
814236
814237
814238
814239
814240
814241
814242
814243
814244
814245
814246
814247
814248
814249
814250
814251
814252
814253
814255
814256
814257
814258
814259
814261
814262
814263
814264
814265
814266
814267
814268
814269
814270
814271
814272
814273
814274
814275
814276
814277
814278
814279
814280
814281
814283
814284
814285
814286
814287
814288
814289
814291
814292
814293
814294
814295
814296
814297
814298
814299
814300
814301
814302
814303
814305
814306
814307
814308
814309
814310
814311
814312
814313
814314
814316
814317
814319
814320
814321
814322
814323
814324
814325
814326
814327
814328
814329
814330
814331
814332
814333
814334
814335
814336
814337
814338
814339
814340
814341
814342
814343
814344
814345
814346
814347
814348
814349
814350
814351
814352
814353
814354
814355
814356
814357
814358
814359
814360
814361
814362
814363
814364
814365
814366
814367
814368
814369
814370
814371
814372
814373
814374
814375
814376
814377
814378
814379
814380
814381
814382
814384
814385
814386
814387
814388
814389
814390
814392
814393
814394
814395
814396
814397
814398
814399
814400
814401
814406
814407
814408
814409
814410
814426
814449
814456
814458
814459
814461
814465
814466
814470
814471
814485
814487
814508
814512
814513
814518
814522
814531
814537
814548
814554
814555
814560
814564
814565
814571
814574
814584
814603
814604
814614
814615
814619
814626
814635
814637
814644
814646
814656
814659
814666
814673
814688
814691
814693
814698
814699
814700
814701
814702
814704
814705
814706
814707
814708
814709
814710
814711
814712
814713
814714
814715
814716
814717
814718
814719
814720
814721
814722
814723
814725
814726
814727
814728
814729
814730
814731
814732
814733
814735
814736
814737
814738
814739
814740
814741
814742
814743
814744
814745
814746
814747
814748
814749
814750
814751
814752
814753
814754
814755
814756
814757
814758
814759
814760
814761
814762
814763
814764
814765
814766
814767
814768
814769
814770
814771
814772
814773
814774
814775
814776
814777
814778
814779
814780
814781
814782
814783
814784
814785
814786
814787
814788
814789
814790
814791
814792
814793
814794
814795
814796
814797
814798
814800
814801
814802
814803
814804
814805
814806
814807
814808
814809
814810
814811
814812
814813
814814
814815
814816
814817
814818
814819
814820
814821
814822
814823
814824
814825
814826
814827
814828
814829
814830
814831
814832
814833
814834
814835
814836
814837
814838
814839
814840
814841
814842
814843
814844
814845
814846
814847
814848
814849
814850
814851
814852
814855
814860
814864
814882
814885
814894
814897
814899
814902
814903
814915
814919
814920
814927
814930
814933
814934
814948
814952
814960
814966
814982
814988
814989
814990
814991
814998
815011
815017
815023
815028
815030
815031
815032
815033
815034
815035
815036
815037
815038
815039
815040
815041
815042
815043
815044
815046
815047
815048
815049
815051
815052
815053
815060
815066
815067
815073
815083
815090
815095
815102
815104
815110
815127
815135
815139
815140
815146
815156
815164
815166
815167
815169
815170
815176
815179
815185
815194
815206
815221
815235
815236
815251
815252
815253
815254
815257
815268
815270
815276
815278
815280
815286
815287
815302
815304
815310
815312
815315
815327
815332
815333
815341
815346
815347
815362
815364
815373
815376
815387
815395
815397
815407
815408
815418
815420
815431
815443
815448
815459
815461
815463
815466
815467
815475
815482
815485
815488
815497
815518
815525
815527
815530
815531
815533
815535
815537
815539
815541
815550
815551
815560
815562
815563
815578
815581
815585
815597
815603
815618
815619
815636
815641
815647
815648
815659
815674
815679
815693
815696
815702
815704
815712
815730
815750
